MI0200206604
25911072
25890822
26022838
142885237
38199002665
362533066
26022633
25677854
225919976
352527978
25781763
285614572
301660090
99000044
40829689
1099001988
251173046
285685612
1099003423
251149276
1199003109
212432459
352467747
331845279
31199000170
30199001690
13650301
132408792
1099002468
25908785
13624559
32015448
34199000915
152249892
79099002758
31099000653
77199001355
164644712
1099001013
13650508
82310056
273703020
1099012623
25843964
25738612
281187790
25906331
341948770
184323983
25878047
251157139
281186229
91879800
163404201
34099002715
231143377
321598067
281261534
22099000824
79099004252
25947275
1099008138
26099000345
231221449
251124607
281271224
142848648
68099000011
91881931
164644373
25937219
25874361
36099000123
31099004460
1099001832
13624394
26051836
34199000963
273715697
366240071
79099001667
362506306
152222743
25791828
79099004811
38099005253
13618110
31099001143
25926332
281229217
25861998
25818341
273641066
25862325
122274439
233268506
113729784
1099001956
25773330
362526637
79098002653
25864873
25908549
26034324
25883938
13617393
79099004518
272752987
51099000039
366212300
192201162
301721407
251139004
312497640
25855900
25969934
13607927
197381834
231233225
273695234
187843463
31099000824
1099019443
25781900
25818967
201820479
1199020713
251163354
30099001799
61065828
25853348
17521103
192179084
25692221
79099004784
281223887
30199000258
13625714
142950124
113726116
1099001455
13618239
197380262
26066510
25828726
13613873
25843831
281193605
92199001977
26199000985
36199007394
152257545
25845858
51088320
25790825
272738089
1099011381
272781582
152250307
231159092
285713496
1099001888
77099000824
272764701
184300145
1099003606
312420229
334970626
1099008614
77199001713
79199001251
122323319
371854749
85920243
26023642
241793403
92099003012
251205219
79099004522
312382605
1099008780
1099008604
272767773
272824241
272722111
272764939
79097001628
273640107
1199013959
212422692
312394196
25832610
25838015
251228702
25908664
251200740
36099003745
331818428
26022872
91883048
142866709
251197655
26017529
25895445
25867343
79099001488
291204172
25993418
25823110
25862450
385825167
35099001277
25796533
245313705
1099005251
168591623
25731235
334999192
281234086
38099001451
63531246
273702572
1099011956
152240660
25859232
25774757
44099001809
251194549
233265920
25857508
184374741
281197461
352473287
38099002342
281224134
113687920
206217355
352435641
25782919
25886090
1099002659
1099021436
13629287
175015286
25935069
145842836
1199015398
92199002655
25784263
25902660
63533984
113713063
13636258
245381865
362539985
251202962
25839074
13656144
233199489
132429221
312382393
25832694
1099006028
92099002535
1099009549
273643134
272754732
113726636
25940175
251206845
272848918
79098004651
13626628
13645247
13630549
251147925
363990295
25903433
362519465
251147171
26199005085
264509098
132365784
312397668
25700705
13628275
174528334
79199000428
13630382
25983981
152266136
281222357
25815851
251202130
272735472
33099000603
113763137
36099002227
26059703
331865103
272688845
251144899
25920389
301667454
25845746
25781884
273710205
125860112
45191854
175041790
79099005835
142829822
272666075
25874527
26050036
25868845
125892082
1099001371
25707586
1099012438
13702318
79099002736
371835391
371836265
231207789
25823146
25889933
26046863
26099002938
25903377
25876473
251131754
13618091
25864536
25940052
122268302
1099002453
25872171
25906097
362527639
73481788
362548469
164644943
25743375
245350145
73540680
25861501
225821407
364013073
341937278
36099007937
221475688
79099006430
175010981
79199004576
25805740
206412090
17530440
1099016571
31099006014
38098002260
163377500
26099000634
371889437
261571234
331827589
272799358
301667276
385781200
25711705
1098002098
25902057
25739030
98000029
184309955
321723066
187796702
31099004564
245406260
25785974
25878221
25783999
272719229
362537115
381911141
1199003002
79099006294
175000679
101339897
122323174
79099004344
1099002971
85920005
25869217
241764724
194617114
321594646
342002689
285699213
301741720
366218127
187807592
122336805
25857467
25862002
91875923
341982674
79099002784
331817045
272815889
32009455
362540795
25818350
164657836
30199000443
152247179
1199015401
301662909
281188614
184327823
281217895
273684824
25874360
291208155
25874533
25853341
122313891
174516245
251059084
26052071
25799534
301740007
301721351
272706783
25920930
385809099
261516175
187828888
241829489
201753983
31099001445
45229343
25600919
341930779
362555690
113704699
273669152
25782534
1099007558
35099000939
79099005155
25926525
272688668
201759172
164654604
206088458
145881036
25796857
25823274
13601382
1099006583
1099000215
25936487
125786592
25781675
1199021716
25853961
26199004452
25984417
92199002562
25842266
26005050
163411127
362534970
132373514
184316012
251126197
79099002277
261548487
26099962
25853516
366246517
79099004314
25920218
352540154
251147870
25864086