01626256684
0937340454
0944888896
0946868087
01887772221
0862775327
0901378910
0939404068
096242492
0985484879
0933692329
0937663357
0933228895
0968888671
0918251377
0902302322
0917231214
0938338999
0938738873
0902948199
0966883488
0966361116
087263296
01226633343
0906888081
0909647985
0906659639
0984477414
0919490148
0908222427
0908088559
0934193978
0908429323
0909425281
0909408323
0977033956
0909096555
0908216037
0909096701
0919405060
0925371671
0909126621
8439245654
0838363123
0989658695
0909422441
0916873536
0984668887
0908845767
0933222933
0903396383
0978718788
0908908840
01227093116
0909809917
0913661666
0909092155
0933686833
0902660660
0908883739
0908052222
0937926926
0903382699
0905877799
0907390239
01222924048
0936336030
0906852322
0939021234
0902969829
0908803686
0932611233
0919339888
0909145625
0908123879
0914477239
0907315379
0967639264
0902355355
0909752357
0907187187
0838335690
0909621133
0838302466
0908136500
0903303033
0906761177
0907804638
0907804638
0984626736
0862735745
0902853244
0939080484
0985281308
087551962
0937681668
0909279936
0902516251
0903973628
0938779768